[skyparams]
x=-0.032000
y=0.113000
z=0.991000
sunintensity=83.258003
nishitarayleigh=16.833000
nishitamie=7.783000
[renderparams]
cutoff=0.299000
speed=0.000000
density=0.016000
height=8127.678223
cloudu=1.000000
cloudv=1.000000
maxsteps=100
maxshadowsteps=5
[perlinparams]
frequency=5.408000
octaves=8
[worleyparams]
invert=1
[oceanparams]
transmissionx=0.078047
transmissiony=0.132660
transmissionz=0.284314
dampeningdistance=2000.000000
transmission2x=0.241662
transmission2y=0.396224
transmission2z=0.436275
exponent=0.942000
amplitude=7.970000
speed=42.534000
dirx=1.000000
diry=-1.000000