[skyparams]
x=-0.032000
y=0.629000
z=-0.566000
sunintensity=80.542999
nishitarayleigh=20.813999
nishitamie=20.452000
[renderparams]
cutoff=0.267000
speed=0.000000
density=0.000000
height=3716.290039
cloudu=1.000000
cloudv=1.000000
maxsteps=100
maxshadowsteps=5
[perlinparams]
frequency=6.661000
octaves=8
[worleyparams]
invert=1
[oceanparams]
enabled=1
reflectionx=1.000000
reflectiony=1.000000
reflectionz=1.000000
choppiness=10.000000
transmissionx=0.056517
transmissiony=0.203983
transmissionz=0.274510
dampeningdistance=8000.000000
transmission2x=0.115917
transmission2y=0.265927
transmission2z=0.328431
exponent=1.014000
amplitude=4.982000
speed=17.646999
dirx=0.782000
diry=0.608000
foamscale=475.638000
foamintensity=0.900000