[skyparams]
x=-1.000000
y=1.000000
z=-0.084000
sunintensity=100.000000
nishitarayleigh=20.813999
nishitamie=20.441000
fogmin=5116.000000
fogmax=10000.000000
[renderparams]
anisotropy=0.298000
speed=0.080000
density=0.060000
height=34732.000000
cloudu=1.000000
cloudv=1.000000
coverage=0.809000
maxsteps=31
maxshadowsteps=5
[perlinparams]
frequency=5.412000
octaves=8
[worleyparams]
invert=1
[oceanparams]
enabled=1
reflectionx=1.000000
reflectiony=1.000000
reflectionz=1.000000
choppiness=10.000000
transmissionx=0.010092
transmissiony=0.059248
transmissionz=0.102941
dampeningdistance=8000.000000
transmission2x=0.005767
transmission2y=0.054617
transmission2z=0.098039
exponent=5.654000
amplitude=4.272000
speed=60.000000
dirx=0.505000
diry=0.784000
foamscale=54.279999
foamintensity=0.818000