[skyparams]
x=-0.031000
y=0.044000
z=-1.000000
sunintensity=80.542999
nishitarayleigh=20.813999
nishitamie=20.441000
fogmin=5072.397949
fogmax=10000.000000
[renderparams]
anisotropy=0.656000
speed=0.057000
density=0.045000
height=46749.339844
cloudu=1.000000
cloudv=1.000000
coverage=0.850000
maxsteps=31
maxshadowsteps=5
[perlinparams]
frequency=5.017000
octaves=8
[worleyparams]
invert=1
[oceanparams]
enabled=1
reflectionx=1.000000
reflectiony=1.000000
reflectionz=1.000000
choppiness=10.000000
transmissionx=0.133651
transmissiony=0.199178
transmissionz=0.264706
dampeningdistance=8000.000000
transmission2x=0.089965
transmission2y=0.186989
transmission2z=0.254902
exponent=1.014000
amplitude=6.347000
speed=45.463001
dirx=0.505000
diry=0.784000
foamscale=1000.000000
foamintensity=0.692000