[skyparams]
x=0.000000
y=0.982000
z=-0.705000
[renderparams]
cutoff=0.004000
speed=0.000000
density=0.011000
height=3221.875000
cloudu=1.000000
cloudv=1.000000
maxsteps=200
maxshadowsteps=4
[perlinparams]
frequency=10.969000
octaves=8
[worleyparams]
invert=1