[skyparams]
x=-0.448000
y=0.149000
z=-1.000000
[renderparams]
cutoff=0.000000
speed=0.000000
density=0.027000
height=8127.678223
cloudu=1.000000
cloudv=1.000000
maxsteps=100
maxshadowsteps=5
[perlinparams]
frequency=5.133000
octaves=8
[worleyparams]
invert=1
[oceanparams]
transmissionx=0.194637
transmissiony=0.299072
transmissionz=0.490196
transmission2x=0.222414
transmission2y=0.416906
transmission2z=0.509804
exponent=0.761000
amplitude=4.000000
speed=40.000000
dirx=1.000000
diry=1.000000