[skyparams]
x=0.000000
y=1.000000
z=-0.357000
[renderparams]
cutoff=0.714000
speed=0.000000
density=0.100000
cloudu=18.839001
cloudv=18.839001
[perlinparams]
frequency=4.821000
octaves=8
[worleyparams]
invert=1