[skyparams]
x=0.000000
y=0.545000
z=-1.000000
[renderparams]
cutoff=0.647000
speed=0.010000
density=0.012000
cloudu=5.460000
cloudv=5.460000
[perlinparams]
frequency=9.554000
octaves=8
[worleyparams]
invert=1