[skyparams]
x=1.000000
y=0.072000
z=-0.393000
[renderparams]
cutoff=0.000000
speed=0.000000
density=0.017000
height=8127.678223
cloudu=1.000000
cloudv=1.000000
maxsteps=100
maxshadowsteps=5
[perlinparams]
frequency=1.203000
octaves=8
[worleyparams]
invert=1