[skyparams]
x=-1.000000
y=1.000000
z=-0.084000
sunintensity=100.000000
nishitarayleigh=20.813999
nishitamie=20.441000
fogmin=5116.000000
fogmax=10000.000000
[renderparams]
anisotropy=0.298000
speed=0.080000
density=0.025000
height=44500.000000
cloudu=1.000000
cloudv=1.000000
coverage=1.000000
maxsteps=31
maxshadowsteps=5
[perlinparams]
frequency=4.642000
octaves=8
[worleyparams]
invert=1
[oceanparams]
enabled=1
reflectionx=1.000000
reflectiony=1.000000
reflectionz=1.000000
choppiness=8.880000
transmissionx=0.023253
transmissiony=0.075747
transmissionz=0.105882
dampeningdistance=8000.000000
transmission2x=0.019193
transmission2y=0.089224
transmission2z=0.125490
exponent=0.819000
amplitude=4.006000
speed=37.067001
dirx=0.505000
diry=0.784000
foamscale=289.600006
foamintensity=0.671000
ior=1.520000
roughness=0.080000