[skyparams]
x=-0.032000
y=1.000000
z=-0.421000
[renderparams]
cutoff=0.000000
speed=0.000000
density=0.075000
height=8127.678223
cloudu=1.000000
cloudv=1.000000
maxsteps=100
maxshadowsteps=5
[perlinparams]
frequency=5.133000
octaves=8
[worleyparams]
invert=1
[oceanparams]
transmissionx=0.157439
transmissiony=0.259432
transmissionz=0.446078
transmission2x=0.164144
transmission2y=0.281962
transmission2z=0.338235
exponent=0.761000
amplitude=4.000000
speed=40.000000
dirx=1.000000
diry=1.000000