[skyparams]
x=-0.032000
y=0.077000
z=-0.566000
sunintensity=80.542999
nishitarayleigh=20.813999
nishitamie=20.452000
[renderparams]
cutoff=0.244000
speed=0.000000
density=0.016000
height=3716.290039
cloudu=1.000000
cloudv=1.000000
maxsteps=100
maxshadowsteps=5
[perlinparams]
frequency=7.788000
octaves=8
[worleyparams]
invert=1
[oceanparams]
enabled=1
reflectionx=1.000000
reflectiony=1.000000
reflectionz=1.000000
choppiness=1.977000
transmissionx=0.149221
transmissiony=0.169479
transmissionz=0.225490
dampeningdistance=5244.344238
transmission2x=0.149005
transmission2y=0.217440
transmission2z=0.259804
exponent=0.833000
amplitude=4.169000
speed=42.353001
dirx=1.000000
diry=-1.000000