[skyparams]
x=-0.032000
y=0.968000
z=-0.566000
sunintensity=80.542999
nishitarayleigh=20.813999
nishitamie=20.452000
fogmin=5072.397949
fogmax=10000.000000
[renderparams]
cutoff=0.267000
speed=0.000000
density=0.000000
height=3716.290039
cloudu=1.000000
cloudv=1.000000
maxsteps=100
maxshadowsteps=5
[perlinparams]
frequency=6.661000
octaves=8
[worleyparams]
invert=1
[oceanparams]
enabled=1
reflectionx=1.000000
reflectiony=1.000000
reflectionz=1.000000
choppiness=7.475000
transmissionx=0.065936
transmissiony=0.147941
transmissionz=0.240196
dampeningdistance=8000.000000
transmission2x=0.112265
transmission2y=0.218920
transmission2z=0.313725
exponent=1.014000
amplitude=5.886000
speed=39.638000
dirx=0.505000
diry=0.784000
foamscale=1000.000000
foamintensity=0.719000