[skyparams]
x=0.000000
y=0.045000
z=-0.973000
[renderparams]
cutoff=0.000000
speed=0.000000
density=0.032000
height=3221.875000
cloudu=1.000000
cloudv=1.000000
maxsteps=200
maxshadowsteps=5
[perlinparams]
frequency=7.500000
octaves=8
[worleyparams]
invert=1