[skyparams]
x=-0.032000
y=0.063000
z=-0.566000
sunintensity=80.542999
nishitarayleigh=20.813999
nishitamie=20.452000
[renderparams]
cutoff=0.520000
speed=0.000000
density=0.047000
height=8127.678223
cloudu=1.000000
cloudv=1.000000
maxsteps=100
maxshadowsteps=5
[perlinparams]
frequency=5.408000
octaves=8
[worleyparams]
invert=1
[oceanparams]
transmissionx=0.138769
transmissiony=0.173468
transmissionz=0.269608
dampeningdistance=5244.344238
transmission2x=0.183007
transmission2y=0.302404
transmission2z=0.333333
exponent=0.942000
amplitude=5.439000
speed=56.109001
dirx=1.000000
diry=-1.000000