[skyparams]
x=0.321000
y=0.186000
z=-0.086000
[renderparams]
cutoff=0.000000
speed=0.000000
density=0.017000
height=8127.678223
cloudu=1.000000
cloudv=1.000000
maxsteps=100
maxshadowsteps=5
[perlinparams]
frequency=3.755000
octaves=8
[worleyparams]
invert=1
[oceanparams]
transmissionx=0.159633
transmissiony=0.240595
transmissionz=0.488152
amplitude=4.000000
speed=40.000000
dirx=1.000000
diry=1.000000