[skyparams]
x=-0.032000
y=0.629000
z=-0.774000
[renderparams]
cutoff=0.371000
speed=0.000000
density=0.055000
height=8127.678223
cloudu=1.000000
cloudv=1.000000
maxsteps=100
maxshadowsteps=5
[perlinparams]
frequency=5.408000
octaves=8
[worleyparams]
invert=1
[oceanparams]
transmissionx=0.072256
transmissiony=0.079289
transmissionz=0.151961
dampeningdistance=2000.000000
transmission2x=0.108324
transmission2y=0.212461
transmission2z=0.240196
exponent=0.942000
amplitude=3.176000
speed=60.632999
dirx=0.327000
diry=-0.588000