[skyparams]
x=-0.032000
y=0.914000
z=-0.774000
[renderparams]
cutoff=0.000000
speed=0.000000
density=0.075000
height=8127.678223
cloudu=1.000000
cloudv=1.000000
maxsteps=100
maxshadowsteps=5
[perlinparams]
frequency=5.133000
octaves=8
[worleyparams]
invert=1
[oceanparams]
transmissionx=0.197232
transmissiony=0.252193
transmissionz=0.352941
transmission2x=0.197304
transmission2y=0.325805
transmission2z=0.338235
exponent=0.833000
amplitude=4.261000
speed=40.723999
dirx=-0.386000
diry=1.000000