[skyparams]
x=0.000000
y=1.000000
z=-0.357000
[renderparams]
cutoff=0.714000
speed=0.000000
density=0.100000
height=5897.768066
cloudu=18.839001
cloudv=18.839001
maxsteps=1024
maxshadowsteps=8
[perlinparams]
frequency=4.821000
octaves=8
[worleyparams]
invert=1