[skyparams]
x=-1.000000
y=0.352000
z=-0.789000
sunintensity=80.542999
nishitarayleigh=20.813999
nishitamie=20.441000
fogmin=5072.397949
fogmax=10000.000000
[renderparams]
anisotropy=0.387000
speed=0.031000
density=0.054000
height=46749.339844
cloudu=1.000000
cloudv=1.000000
coverage=0.828000
maxsteps=31
maxshadowsteps=5
[perlinparams]
frequency=5.278000
octaves=8
[worleyparams]
invert=1
[oceanparams]
enabled=1
reflectionx=1.000000
reflectiony=1.000000
reflectionz=1.000000
choppiness=5.877000
transmissionx=0.065936
transmissiony=0.096688
transmissionz=0.240196
dampeningdistance=8000.000000
transmission2x=0.112265
transmission2y=0.177443
transmission2z=0.313725
exponent=1.014000
amplitude=4.807000
speed=20.881001
dirx=0.505000
diry=0.784000
foamscale=1000.000000
foamintensity=0.719000