[skyparams]
x=-0.032000
y=0.072000
z=-0.566000
sunintensity=80.542999
nishitarayleigh=20.813999
nishitamie=20.452000
[renderparams]
cutoff=0.244000
speed=0.000000
density=0.005000
height=3716.290039
cloudu=1.000000
cloudv=1.000000
maxsteps=100
maxshadowsteps=5
[perlinparams]
frequency=7.788000
octaves=8
[worleyparams]
invert=1
[oceanparams]
enabled=1
reflectionx=1.000000
reflectiony=1.000000
reflectionz=1.000000
choppiness=3.158000
transmissionx=0.093041
transmissiony=0.125627
transmissionz=0.215686
dampeningdistance=5244.344238
transmission2x=0.049596
transmission2y=0.149185
transmission2z=0.210784
exponent=2.860000
amplitude=10.000000
speed=60.000000
dirx=1.000000
diry=-1.000000