[skyparams]
x=-0.032000
y=0.050000
z=-0.566000
sunintensity=80.542999
nishitarayleigh=20.813999
nishitamie=20.452000
[renderparams]
cutoff=0.376000
speed=0.000000
density=0.000000
height=3716.290039
cloudu=1.000000
cloudv=1.000000
maxsteps=100
maxshadowsteps=5
[perlinparams]
frequency=3.755000
octaves=8
[worleyparams]
invert=1
[oceanparams]
enabled=1
reflectionx=1.000000
reflectiony=1.000000
reflectionz=1.000000
choppiness=10.000000
transmissionx=0.066321
transmissiony=0.166820
transmissionz=0.294118
dampeningdistance=8000.000000
transmission2x=0.091191
transmission2y=0.294658
transmission2z=0.338235
exponent=0.870000
amplitude=5.796000
speed=60.000000
dirx=1.000000
diry=-1.000000
foamscale=475.638000
foamintensity=0.701000