[skyparams]
x=-0.032000
y=1.000000
z=-0.774000
[renderparams]
cutoff=0.000000
speed=0.000000
density=0.075000
height=8127.678223
cloudu=1.000000
cloudv=1.000000
maxsteps=100
maxshadowsteps=5
[perlinparams]
frequency=3.565000
octaves=8
[worleyparams]
invert=1
[oceanparams]
transmissionx=0.126009
transmissiony=0.205804
transmissionz=0.338235
transmission2x=0.081531
transmission2y=0.123473
transmission2z=0.191176
exponent=0.833000
amplitude=4.894000
speed=31.674000
dirx=0.327000
diry=-0.588000