[skyparams]
x=-1.000000
y=0.147000
z=-0.084000
sunintensity=100.000000
nishitarayleigh=20.813999
nishitamie=20.441000
fogmin=5116.000000
fogmax=10000.000000
[renderparams]
anisotropy=0.298000
speed=0.080000
density=0.086000
height=34732.000000
cloudu=1.000000
cloudv=1.000000
coverage=0.000000
maxsteps=27
maxshadowsteps=5
[perlinparams]
frequency=5.412000
octaves=8
[worleyparams]
invert=1
[oceanparams]
enabled=1
reflectionx=1.000000
reflectiony=1.000000
reflectionz=1.000000
choppiness=8.000000
transmissionx=0.003552
transmissiony=0.026045
transmissionz=0.027451
dampeningdistance=8000.000000
transmission2x=0.002461
transmission2y=0.035324
transmission2z=0.039216
exponent=2.418000
amplitude=5.693000
speed=51.200001
dirx=0.505000
diry=0.784000
foamscale=289.600006
foamintensity=0.804000