[skyparams]
x=-0.032000
y=0.801000
z=-0.774000
[renderparams]
cutoff=0.000000
speed=0.000000
density=0.075000
height=8127.678223
cloudu=1.000000
cloudv=1.000000
maxsteps=100
maxshadowsteps=5
[perlinparams]
frequency=3.565000
octaves=8
[worleyparams]
invert=1
[oceanparams]
transmissionx=0.091912
transmissiony=0.175606
transmissionz=0.250000
transmission2x=0.121275
transmission2y=0.215459
transmission2z=0.240196
exponent=0.942000
amplitude=2.814000
speed=60.632999
dirx=0.327000
diry=-0.588000