[skyparams]
x=0.000000
y=1.000000
z=-0.964000
[renderparams]
cutoff=0.728000
speed=0.010000
density=0.100000
cloudu=4.000000
cloudv=4.000000
[perlinparams]
frequency=4.509000
octaves=7
[worleyparams]
invert=1