[skyparams]
x=0.022000
y=0.692000
z=-0.991000
sunintensity=80.542999
nishitarayleigh=20.813999
nishitamie=20.441000
fogmin=5072.397949
fogmax=10000.000000
[renderparams]
anisotropy=0.278000
speed=0.070000
density=0.078000
height=25185.021484
cloudu=1.000000
cloudv=1.000000
coverage=0.802000
maxsteps=31
maxshadowsteps=5
[perlinparams]
frequency=6.465000
octaves=8
[worleyparams]
invert=1
[oceanparams]
enabled=1
reflectionx=1.000000
reflectiony=1.000000
reflectionz=1.000000
choppiness=7.475000
transmissionx=0.065936
transmissiony=0.147941
transmissionz=0.240196
dampeningdistance=8000.000000
transmission2x=0.112265
transmission2y=0.218920
transmission2z=0.313725
exponent=1.014000
amplitude=6.479000
speed=39.638000
dirx=0.505000
diry=0.784000
foamscale=1000.000000
foamintensity=0.719000