[skyparams]
x=0.000000
y=0.143000
z=-1.000000
[renderparams]
cutoff=0.000000
speed=0.000000
density=1.000000
height=3221.875000
cloudu=1.000000
cloudv=1.000000
maxsteps=200
maxshadowsteps=5
[perlinparams]
frequency=1.071000
octaves=8
[worleyparams]
invert=1