[skyparams]
x=0.049000
y=0.244000
z=-1.000000
sunintensity=80.542999
nishitarayleigh=20.813999
nishitamie=20.441000
fogmin=5072.397949
fogmax=10000.000000
[renderparams]
anisotropy=0.111000
speed=0.107000
density=0.054000
height=34732.000000
cloudu=1.000000
cloudv=1.000000
coverage=0.742000
maxsteps=31
maxshadowsteps=5
[perlinparams]
frequency=5.412000
octaves=8
[worleyparams]
invert=1
[oceanparams]
enabled=0
reflectionx=1.000000
reflectiony=1.000000
reflectionz=1.000000
choppiness=8.200000
transmissionx=0.103806
transmissiony=0.210157
transmissionz=0.294118
dampeningdistance=8000.000000
transmission2x=0.104071
transmission2y=0.276284
transmission2z=0.348039
exponent=0.748000
amplitude=5.072000
speed=34.667000
dirx=0.505000
diry=0.784000
foamscale=1000.000000
foamintensity=0.773000