[skyparams]
x=0.000000
y=0.357000
z=-0.893000
[renderparams]
cutoff=0.000000
speed=0.000000
density=0.055000
height=9019.643555
cloudu=1.000000
cloudv=1.000000
maxsteps=500
maxshadowsteps=5
[perlinparams]
frequency=8.483000
octaves=8
[worleyparams]
invert=1