[skyparams]
x=-1.000000
y=0.911000
z=-0.084000
sunintensity=100.000000
nishitarayleigh=20.813999
nishitamie=20.441000
fogmin=5116.000000
fogmax=10000.000000
[renderparams]
anisotropy=0.298000
speed=0.080000
density=0.014000
height=44500.000000
cloudu=1.000000
cloudv=1.000000
coverage=0.000000
maxsteps=31
maxshadowsteps=5
[perlinparams]
frequency=3.082000
octaves=8
[worleyparams]
invert=1
[oceanparams]
enabled=1
reflectionx=1.000000
reflectiony=1.000000
reflectionz=1.000000
choppiness=3.200000
transmissionx=0.014153
transmissiony=0.091168
transmissionz=0.151961
dampeningdistance=8000.000000
transmission2x=0.000000
transmission2y=0.072664
transmission2z=0.137255
exponent=8.000000
amplitude=7.824000
speed=52.533001
dirx=0.505000
diry=0.784000
foamscale=249.639999
foamintensity=0.942000