[skyparams]
x=-1.000000
y=1.000000
z=-0.084000
sunintensity=100.000000
nishitarayleigh=20.813999
nishitamie=20.441000
fogmin=5116.000000
fogmax=10000.000000
[renderparams]
anisotropy=0.298000
speed=0.080000
density=0.011000
height=60040.003906
cloudu=1.000000
cloudv=1.000000
coverage=0.000000
maxsteps=31
maxshadowsteps=5
[perlinparams]
frequency=3.082000
octaves=8
[worleyparams]
invert=1
[oceanparams]
enabled=0
reflectionx=1.000000
reflectiony=1.000000
reflectionz=1.000000
choppiness=10.000000
transmissionx=0.005959
transmissiony=0.119886
transmissionz=0.303922
dampeningdistance=8000.000000
transmission2x=0.000000
transmission2y=0.147347
transmission2z=0.357843
exponent=8.000000
amplitude=6.492000
speed=48.533001
dirx=0.505000
diry=0.784000
foamscale=1.000000
foamintensity=1.000000