[skyparams]
x=-1.000000
y=0.773000
z=-0.084000
sunintensity=100.000000
nishitarayleigh=20.813999
nishitamie=20.441000
fogmin=5072.397949
fogmax=10000.000000
[renderparams]
anisotropy=0.111000
speed=0.080000
density=0.000000
height=34732.000000
cloudu=1.000000
cloudv=1.000000
coverage=0.809000
maxsteps=22
maxshadowsteps=5
[perlinparams]
frequency=5.412000
octaves=8
[worleyparams]
invert=1
[oceanparams]
enabled=1
reflectionx=1.000000
reflectiony=1.000000
reflectionz=1.000000
choppiness=8.600000
transmissionx=0.018599
transmissiony=0.051369
transmissionz=0.088235
dampeningdistance=8000.000000
transmission2x=0.025087
transmission2y=0.056661
transmission2z=0.088235
exponent=0.570000
amplitude=5.072000
speed=40.799999
dirx=0.505000
diry=0.784000
foamscale=1000.000000
foamintensity=0.667000