[skyparams]
x=0.049000
y=0.538000
z=-0.840000
sunintensity=80.542999
nishitarayleigh=20.813999
nishitamie=20.441000
fogmin=5072.397949
fogmax=10000.000000
[renderparams]
anisotropy=0.182000
speed=0.031000
density=0.042000
height=38728.000000
cloudu=1.000000
cloudv=1.000000
coverage=0.828000
maxsteps=18
maxshadowsteps=5
[perlinparams]
frequency=5.278000
octaves=8
[worleyparams]
invert=1
[oceanparams]
enabled=1
reflectionx=1.000000
reflectiony=1.000000
reflectionz=1.000000
choppiness=7.480000
transmissionx=0.103806
transmissiony=0.159780
transmissionz=0.294118
dampeningdistance=8000.000000
transmission2x=0.104071
transmission2y=0.190209
transmission2z=0.348039
exponent=0.748000
amplitude=5.960000
speed=41.867001
dirx=0.505000
diry=0.784000
foamscale=1000.000000
foamintensity=0.809000